>> arr1=ones(4)

arr1 =

     1     1     1     1
     1     1     1     1
     1     1     1     1
     1     1     1     1

>> arr2=ones(2,3)

arr2 =

     1     1     1
     1     1     1

>> arr3=zeros(3)

arr3 =

     0     0     0
     0     0     0
     0     0     0

>> arr4=zeros(2,3)

arr4 =

     0     0     0
     0     0     0

>> arr5=eyes(4)
未定义函数或变量 'eyes'。
 
是不是想输入:
>> arr5=eye(4)

arr5 =

     1     0     0     0
     0     1     0     0
     0     0     1     0
     0     0     0     1

>> arr6=eye(2,3)

arr6 =

     1     0     0
     0     1     0

>> arr7=rand(5)

arr7 =

    0.8147    0.0975    0.1576    0.1419    0.6557
    0.9058    0.2785    0.9706    0.4218    0.0357
    0.1270    0.5469    0.9572    0.9157    0.8491
    0.9134    0.9575    0.4854    0.7922    0.9340
    0.6324    0.9649    0.8003    0.9595    0.6787

>> arr8=diag(arr7)

arr8 =

    0.8147
    0.2785
    0.9572
    0.7922
    0.6787

>> arr9=diag(arr8)

arr9 =

    0.8147         0         0         0         0
         0    0.2785         0         0         0
         0         0    0.9572         0         0
         0         0         0    0.7922         0
         0         0         0         0    0.6787

>> arr10=randn(1,10)

arr10 =

    1.0347    0.7269   -0.3034    0.2939   -0.7873    0.8884   -1.1471   -1.0689   -0.8095   -2.9443

>> arr11=randperm(10)

arr11 =

     5    10     3     7     6     2     8     9     1     4

>> arr12=magic(5)

arr12 =

    17    24     1     8    15
    23     5     7    14    16
     4     6    13    20    22
    10    12    19    21     3
    11    18    25     2     9

>> A=ones(5)*2

A =

     2     2     2     2     2
     2     2     2     2     2
     2     2     2     2     2
     2     2     2     2     2
     2     2     2     2     2

>> B=rand(4)*2

B =

    0.9795    1.5094    0.3252    0.6808
    0.8912    0.5521    0.2380    1.1705
    1.2926    1.3594    0.9967    0.4476
    1.4187    1.3102    1.9195    1.5025

>> C=[A B]
错误使用 horzcat
要串联的数组的维度不一致。
 
>> A=ones(2,3)*2

A =

     2     2     2
     2     2     2

>> A=ones(3,5)*2

A =

     2     2     2     2     2
     2     2     2     2     2
     2     2     2     2     2

>> B=rand(3,5)*2

B =

    0.5102    1.7818    0.2772    1.6814    0.4870
    1.0119    1.9186    0.2986    0.5086    1.8585
    1.3982    1.0944    0.5150    1.6286    0.7000

>> C=[A B]

C =

    2.0000    2.0000    2.0000    2.0000    2.0000    0.5102    1.7818    0.2772    1.6814    0.4870
    2.0000    2.0000    2.0000    2.0000    2.0000    1.0119    1.9186    0.2986    0.5086    1.8585
    2.0000    2.0000    2.0000    2.0000    2.0000    1.3982    1.0944    0.5150    1.6286    0.7000

>> D=[A;B]

D =

    2.0000    2.0000    2.0000    2.0000    2.0000
    2.0000    2.0000    2.0000    2.0000    2.0000
    2.0000    2.0000    2.0000    2.0000    2.0000
    0.5102    1.7818    0.2772    1.6814    0.4870
    1.0119    1.9186    0.2986    0.5086    1.8585
    1.3982    1.0944    0.5150    1.6286    0.7000

>> cat(1,A,B)

ans =

    2.0000    2.0000    2.0000    2.0000    2.0000
    2.0000    2.0000    2.0000    2.0000    2.0000
    2.0000    2.0000    2.0000    2.0000    2.0000
    0.5102    1.7818    0.2772    1.6814    0.4870
    1.0119    1.9186    0.2986    0.5086    1.8585
    1.3982    1.0944    0.5150    1.6286    0.7000

>> E=cat(1,A,B)

E =

    2.0000    2.0000    2.0000    2.0000    2.0000
    2.0000    2.0000    2.0000    2.0000    2.0000
    2.0000    2.0000    2.0000    2.0000    2.0000
    0.5102    1.7818    0.2772    1.6814    0.4870
    1.0119    1.9186    0.2986    0.5086    1.8585
    1.3982    1.0944    0.5150    1.6286    0.7000

>> F=cat(2,A,B)

F =

    2.0000    2.0000    2.0000    2.0000    2.0000    0.5102    1.7818    0.2772    1.6814    0.4870
    2.0000    2.0000    2.0000    2.0000    2.0000    1.0119    1.9186    0.2986    0.5086    1.8585
    2.0000    2.0000    2.0000    2.0000    2.0000    1.3982    1.0944    0.5150    1.6286    0.7000

>> horzcat(A,B)

ans =

    2.0000    2.0000    2.0000    2.0000    2.0000    0.5102    1.7818    0.2772    1.6814    0.4870
    2.0000    2.0000    2.0000    2.0000    2.0000    1.0119    1.9186    0.2986    0.5086    1.8585
    2.0000    2.0000    2.0000    2.0000    2.0000    1.3982    1.0944    0.5150    1.6286    0.7000

>> G=horzcat(A,B)

G =

    2.0000    2.0000    2.0000    2.0000    2.0000    0.5102    1.7818    0.2772    1.6814    0.4870
    2.0000    2.0000    2.0000    2.0000    2.0000    1.0119    1.9186    0.2986    0.5086    1.8585
    2.0000    2.0000    2.0000    2.0000    2.0000    1.3982    1.0944    0.5150    1.6286    0.7000

>> H=vertcat(A,B)

H =

    2.0000    2.0000    2.0000    2.0000    2.0000
    2.0000    2.0000    2.0000    2.0000    2.0000
    2.0000    2.0000    2.0000    2.0000    2.0000
    0.5102    1.7818    0.2772    1.6814    0.4870
    1.0119    1.9186    0.2986    0.5086    1.8585
    1.3982    1.0944    0.5150    1.6286    0.7000

>> I=repmat(A,2)

I =

     2     2     2     2     2     2     2     2     2     2
     2     2     2     2     2     2     2     2     2     2
     2     2     2     2     2     2     2     2     2     2
     2     2     2     2     2     2     2     2     2     2
     2     2     2     2     2     2     2     2     2     2
     2     2     2     2     2     2     2     2     2     2

>> I=repmat(arr6,2)

I =

     1     0     0     1     0     0
     0     1     0     0     1     0
     1     0     0     1     0     0
     0     1     0     0     1     0

>> J=repmat(arr6,2,3)

J =

     1     0     0     1     0     0     1     0     0
     0     1     0     0     1     0     0     1     0
     1     0     0     1     0     0     1     0     0
     0     1     0     0     1     0     0     1     0

>> K=repmat(1,2,3)

K =

     1     1     1
     1     1     1

>> L=[sinle(1.1),single(-1.1),pi,1*Inf]
未定义函数或变量 'sinle'。
 
是不是想输入:
>> L=[single(1.1),single(-1.1),pi,1*Inf]

L =

  1×4 single 行向量

    1.1000   -1.1000    3.1416       Inf

>> M=[single(5.5) single[-5.4] pi 45/4]
 M=[single(5.5) single[-5.4] pi 45/4]
                      ↑
错误: 表达式无效。调用函数或对变量进行索引时，请使用圆括号。否则，请检查不匹配的分隔符。
 
>> M=[single(5.5) single(-5.4) pi 45/4]

M =

  1×4 single 行向量

    5.5000   -5.4000    3.1416   11.2500

>> M=[single(5.5) single(-5.4) pi 45/4]

M =

  1×4 single 行向量

    5.5000   -5.4000    3.1416   11.2500

>> M=[int8(5.5) int8(-5.4) pi 45/4]

M =

  1×4 int8 行向量

     6    -5     3    11

>> N=['a' 'b' 99 100]

N =

    'abcd'

>> class(N)

ans =

    'char'

>> O=[true false 0 pi sqr(3)]
未定义函数或变量 'sqr'。
 
>> O=[true false 0 pi sqrt(3)]

O =

    1.0000         0         0    3.1416    1.7321

>> class(O)

ans =

    'double'

>> SIZE=size(J)

SIZE =

     4     9

>> LNEGTH=length(J)

LNEGTH =

     9

>> NDIMS=ndims(J)

NDIMS =

     2

>> NUMEL=numel(J)

NUMEL =

    36

>> ISEMPTY=isempty(A)

ISEMPTY =

  logical

   0

>> ISMATRIX=ismatrix(A)

ISMATRIX =

  logical

   1

>> P=repmat(3,size(J))

P =

     3     3     3     3     3     3     3     3     3
     3     3     3     3     3     3     3     3     3
     3     3     3     3     3     3     3     3     3
     3     3     3     3     3     3     3     3     3

>> Q=fliplr(H)

Q =

    2.0000    2.0000    2.0000    2.0000    2.0000
    2.0000    2.0000    2.0000    2.0000    2.0000
    2.0000    2.0000    2.0000    2.0000    2.0000
    0.4870    1.6814    0.2772    1.7818    0.5102
    1.8585    0.5086    0.2986    1.9186    1.0119
    0.7000    1.6286    0.5150    1.0944    1.3982

>> Q=fliplr(B)

