>> A1=[1 2 3;4 5 6;7 8 9]

A1 =

     1     2     3
     4     5     6
     7     8     9

>> A2=A1(:,:,2)=[9 8 7;6 5 4;3 2 1]
 A2=A1(:,:,2)=[9 8 7;6 5 4;3 2 1]
             ↑
错误: '=' 运算符的使用不正确。要为变量赋值，请使用 '='。要比较值是否相等，请使用 '=='。
 
>> A1(:,:,2)=[9 8 7;6 5 4;3 2 1]

A1(:,:,1) =

     1     2     3
     4     5     6
     7     8     9


A1(:,:,2) =

     9     8     7
     6     5     4
     3     2     1

>> A1(:,:,3)=5

A1(:,:,1) =

     1     2     3
     4     5     6
     7     8     9


A1(:,:,2) =

     9     8     7
     6     5     4
     3     2     1


A1(:,:,3) =

     5     5     5
     5     5     5
     5     5     5

>> SIZE=size(A1)

SIZE =

     3     3     3

>> A1(:,:,1,2)=[1 1 1;2 2 2;3 3 3]

A1(:,:,1,1) =

     1     2     3
     4     5     6
     7     8     9


A1(:,:,2,1) =

     9     8     7
     6     5     4
     3     2     1


A1(:,:,3,1) =

     5     5     5
     5     5     5
     5     5     5


A1(:,:,1,2) =

     1     1     1
     2     2     2
     3     3     3


A1(:,:,2,2) =

     0     0     0
     0     0     0
     0     0     0


A1(:,:,3,2) =

     0     0     0
     0     0     0
     0     0     0

>> A1(:,:,2,2)=[1 1 1;1 1 1;1 1 1]

A1(:,:,1,1) =

     1     2     3
     4     5     6
     7     8     9


A1(:,:,2,1) =

     9     8     7
     6     5     4
     3     2     1


A1(:,:,3,1) =

     5     5     5
     5     5     5
     5     5     5


A1(:,:,1,2) =

     1     1     1
     2     2     2
     3     3     3


A1(:,:,2,2) =

     1     1     1
     1     1     1
     1     1     1


A1(:,:,3,2) =

     0     0     0
     0     0     0
     0     0     0

>> SIZE1=size(A1)

SIZE1 =

     3     3     3     2

>> B=cat(3,[1 2 3;4 5 6],[6 5 4;3 2 1])

B(:,:,1) =

     1     2     3
     4     5     6


B(:,:,2) =

     6     5     4
     3     2     1

>> SIZE_B=size(B)

SIZE_B =

     2     3     2

>> C=ones(3,3,3)

C(:,:,1) =

     1     1     1
     1     1     1
     1     1     1


C(:,:,2) =

     1     1     1
     1     1     1
     1     1     1


C(:,:,3) =

     1     1     1
     1     1     1
     1     1     1

>> C1=rand(2,2,2)

C1(:,:,1) =

    0.8147    0.1270
    0.9058    0.9134


C1(:,:,2) =

    0.6324    0.2785
    0.0975    0.5469

>> C2=randn(4,4,4)

C2(:,:,1) =

    3.5784    0.7254   -0.1241    0.6715
    2.7694   -0.0631    1.4897   -1.2075
   -1.3499    0.7147    1.4090    0.7172
    3.0349   -0.2050    1.4172    1.6302


C2(:,:,2) =

    0.4889    0.2939   -1.0689    0.3252
    1.0347   -0.7873   -0.8095   -0.7549
    0.7269    0.8884   -2.9443    1.3703
   -0.3034   -1.1471    1.4384   -1.7115


C2(:,:,3) =

   -0.1022   -0.8649    1.0933   -1.2141
   -0.2414   -0.0301    1.1093   -1.1135
    0.3192   -0.1649   -0.8637   -0.0068
    0.3129    0.6277    0.0774    1.5326


C2(:,:,4) =

   -0.7697   -1.0891    1.5442   -1.0616
    0.3714    0.0326    0.0859    2.3505
   -0.2256    0.5525   -1.4916   -0.6156
    1.1174    1.1006   -0.7423    0.7481

>> C3=repmat(C[3,3,3])
 C3=repmat(C[3,3,3])
            ↑
错误: 表达式无效。调用函数或对变量进行索引时，请使用圆括号。否则，请检查不匹配的分隔符。
 
>> C3=repmat(1[3 3 3])
 C3=repmat(1[3 3 3])
            ↑
错误: 表达式无效。调用函数或对变量进行索引时，请使用圆括号。否则，请检查不匹配的分隔符。
 
>> C3=repmat(C,[3,3,3])

C3(:,:,1) =

     1     1     1     1     1     1     1     1     1
     1     1     1     1     1     1     1     1     1
     1     1     1     1     1     1     1     1     1
     1     1     1     1     1     1     1     1     1
     1     1     1     1     1     1     1     1     1
     1     1     1     1     1     1     1     1     1
     1     1     1     1     1     1     1     1     1
     1     1     1     1     1     1     1     1     1
     1     1     1     1     1     1     1     1     1


C3(:,:,2) =

     1     1     1     1     1     1     1     1     1
     1     1     1     1     1     1     1     1     1
     1     1     1     1     1     1     1     1     1
     1     1     1     1     1     1     1     1     1
     1     1     1     1     1     1     1     1     1
     1     1     1     1     1     1     1     1     1
     1     1     1     1     1     1     1     1     1
     1     1     1     1     1     1     1     1     1
     1     1     1     1     1     1     1     1     1


C3(:,:,3) =

     1     1     1     1     1     1     1     1     1
     1     1     1     1     1     1     1     1     1
     1     1     1     1     1     1     1     1     1
     1     1     1     1     1     1     1     1     1
     1     1     1     1     1     1     1     1     1
     1     1     1     1     1     1     1     1     1
     1     1     1     1     1     1     1     1     1
     1     1     1     1     1     1     1     1     1
     1     1     1     1     1     1     1     1     1


C3(:,:,4) =

     1     1     1     1     1     1     1     1     1
     1     1     1     1     1     1     1     1     1
     1     1     1     1     1     1     1     1     1
     1     1     1     1     1     1     1     1     1
     1     1     1     1     1     1     1     1     1
     1     1     1     1     1     1     1     1     1
     1     1     1     1     1     1     1     1     1
     1     1     1     1     1     1     1     1     1
     1     1     1     1     1     1     1     1     1


C3(:,:,5) =

     1     1     1     1     1     1     1     1     1
     1     1     1     1     1     1     1     1     1
     1     1     1     1     1     1     1     1     1
     1     1     1     1     1     1     1     1     1
     1     1     1     1     1     1     1     1     1
     1     1     1     1     1     1     1     1     1
     1     1     1     1     1     1     1     1     1
     1     1     1     1     1     1     1     1     1
     1     1     1     1     1     1     1     1     1


C3(:,:,6) =

     1     1     1     1     1     1     1     1     1
     1     1     1     1     1     1     1     1     1
     1     1     1     1     1     1     1     1     1
     1     1     1     1     1     1     1     1     1
     1     1     1     1     1     1     1     1     1
     1     1     1     1     1     1     1     1     1
     1     1     1     1     1     1     1     1     1
     1     1     1     1     1     1     1     1     1
     1     1     1     1     1     1     1     1     1


C3(:,:,7) =

     1     1     1     1     1     1     1     1     1
     1     1     1     1     1     1     1     1     1
     1     1     1     1     1     1     1     1     1
     1     1     1     1     1     1     1     1     1
     1     1     1     1     1     1     1     1     1
     1     1     1     1     1     1     1     1     1
     1     1     1     1     1     1     1     1     1
     1     1     1     1     1     1     1     1     1
     1     1     1     1     1     1     1     1     1


C3(:,:,8) =

     1     1     1     1     1     1     1     1     1
     1     1     1     1     1     1     1     1     1
     1     1     1     1     1     1     1     1     1
     1     1     1     1     1     1     1     1     1
     1     1     1     1     1     1     1     1     1
     1     1     1     1     1     1     1     1     1
     1     1     1     1     1     1     1     1     1
     1     1     1     1     1     1     1     1     1
     1     1     1     1     1     1     1     1     1


