>> mat1=[1 2 3;4 5 6]

mat1 =

     1     2     3
     4     5     6

>> mat2=[7 8 9]

mat2 =

     7     8     9

>> myfunc_13(mat1,mat2)
error!
>> 